0 0.895 0.3433333333333333 0.09 0.06666666666666667
0 0.9691666666666666 0.37833333333333335 0.058333333333333334 0.06333333333333334
0 0.8225 0.33 0.051666666666666666 0.04666666666666667
0 0.78 0.32 0.06 0.04666666666666667
0 0.9525 0.36666666666666664 0.085 0.05333333333333334
0 0.9408333333333333 0.35583333333333333 0.08166666666666667 0.051666666666666666
0 0.8408333333333333 0.3408333333333333 0.028333333333333332 0.06166666666666667
0 0.24333333333333335 0.2825 0.04666666666666667 0.045
0 0.8308333333333333 0.33666666666666667 0.028333333333333332 0.04666666666666667
0 0.7625 0.31166666666666665 0.051666666666666666 0.043333333333333335
0 0.8041666666666667 0.3225 0.055 0.045
