0 0.045 0.7708333333333334 0.08333333333333333 0.10166666666666667
0 0.13666666666666666 0.7316666666666667 0.1 0.11
0 0.3233333333333333 0.6708333333333333 0.06666666666666667 0.095
0 0.5533333333333333 0.7791666666666667 0.09333333333333334 0.11833333333333333
0 0.7091666666666666 0.7658333333333334 0.09166666666666666 0.11166666666666666
0 0.8466666666666667 0.7625 0.08666666666666667 0.11166666666666666
0 0.7816666666666666 0.6783333333333333 0.07666666666666666 0.09666666666666666
0 0.8633333333333333 0.72 0.07333333333333333 0.09333333333333334
0 0.535 0.7091666666666666 0.08333333333333333 0.11833333333333333
0 0.7441666666666666 0.6475 0.075 0.10166666666666667
0 0.6383333333333333 0.655 0.06333333333333334 0.07666666666666666
0 0.7916666666666666 0.5758333333333333 0.056666666666666664 0.07166666666666667
0 0.8625 0.5625 0.051666666666666666 0.065
0 0.7766666666666666 0.565 0.05333333333333334 0.07666666666666666
0 0.8341666666666666 0.545 0.041666666666666664 0.06333333333333334
0 0.4791666666666667 0.5341666666666667 0.03833333333333333 0.06166666666666667
0 0.5083333333333333 0.5283333333333333 0.03 0.06333333333333334
0 0.3575 0.6066666666666667 0.04833333333333333 0.06
