0 0.20666666666666667 0.68 0.41333333333333333 0.3333333333333333
0 0.5 0.6066666666666667 1.0 0.48
0 0.023333333333333334 0.4083333333333333 0.04666666666666667 0.07
0 0.2025 0.4891666666666667 0.23166666666666666 0.065
0 0.2733333333333333 0.42 0.09333333333333334 0.07333333333333333
0 0.6108333333333333 0.6316666666666667 0.34833333333333333 0.27666666666666667
0 0.5058333333333334 0.46 0.058333333333333334 0.05333333333333334
0 0.7666666666666667 0.4891666666666667 0.2733333333333333 0.09833333333333333
0 0.7933333333333333 0.49416666666666664 0.2 0.075
0 0.8475 0.28583333333333333 0.08833333333333333 0.11166666666666666
0 0.905 0.2925 0.13666666666666666 0.11166666666666666
0 0.925 0.56 0.15 0.24666666666666667
0 0.9566666666666667 0.5775 0.08666666666666667 0.24166666666666667
0 0.9566666666666667 0.30333333333333334 0.08666666666666667 0.08
