0 0.7341666666666666 0.9358333333333333 0.155 0.125
0 0.36666666666666664 0.765 0.08 0.10333333333333333
0 0.4791666666666667 0.7116666666666667 0.07833333333333334 0.09666666666666666
0 0.46 0.6558333333333334 0.07333333333333333 0.07833333333333334
0 0.25 0.6508333333333334 0.07333333333333333 0.10166666666666667
0 0.25583333333333336 0.59 0.051666666666666666 0.06666666666666667
0 0.6975 0.5708333333333333 0.06166666666666667 0.06833333333333333
0 0.45 0.6066666666666667 0.06 0.08
0 0.6575 0.52 0.041666666666666664 0.05333333333333334
0 0.2783333333333333 0.5508333333333333 0.05 0.06166666666666667
0 0.3541666666666667 0.5091666666666667 0.04833333333333333 0.051666666666666666
0 0.4825 0.5858333333333333 0.045 0.058333333333333334
0 0.4483333333333333 0.5483333333333333 0.043333333333333335 0.06333333333333334
0 0.5033333333333333 0.5275 0.04666666666666667 0.06166666666666667
0 0.5333333333333333 0.5066666666666667 0.04 0.05333333333333334
0 0.5858333333333333 0.4708333333333333 0.045 0.055
0 0.6516666666666666 0.47333333333333333 0.043333333333333335 0.04666666666666667
0 0.6583333333333333 0.4166666666666667 0.043333333333333335 0.05333333333333334
0 0.6225 0.445 0.03833333333333333 0.05
0 0.73 0.43333333333333335 0.04 0.04
0 0.7241666666666666 0.3725 0.035 0.03833333333333333
0 0.7541666666666667 0.4058333333333333 0.035 0.03833333333333333
0 0.7983333333333333 0.36333333333333334 0.03 0.04
0 0.8408333333333333 0.365 0.035 0.03666666666666667
0 0.7741666666666667 0.385 0.035 0.043333333333333335
