0 0.43333333333333335 0.8491666666666666 0.14 0.19833333333333333
0 0.3491666666666667 0.6891666666666667 0.11833333333333333 0.145
0 0.15416666666666667 0.5541666666666667 0.08833333333333333 0.12166666666666667
0 0.18666666666666668 0.4191666666666667 0.06666666666666667 0.09166666666666666
0 0.25666666666666665 0.44583333333333336 0.06666666666666667 0.09833333333333333
0 0.4166666666666667 0.46 0.08666666666666667 0.15333333333333332
0 0.6725 0.36833333333333335 0.058333333333333334 0.07666666666666666
0 0.2925 0.365 0.051666666666666666 0.07
0 0.38083333333333336 0.35833333333333334 0.055 0.07
0 0.23166666666666666 0.3775 0.06333333333333334 0.08166666666666667
0 0.3908333333333333 0.30416666666666664 0.04833333333333333 0.06166666666666667
0 0.3466666666666667 0.24416666666666667 0.03333333333333333 0.041666666666666664
0 0.29833333333333334 0.19916666666666666 0.023333333333333334 0.03833333333333333
0 0.3408333333333333 0.19166666666666668 0.021666666666666667 0.03
0 0.5016666666666667 0.2 0.023333333333333334 0.03333333333333333
