0 0.5416666666666666 0.6766666666666666 0.09 0.12666666666666668
0 0.375 0.665 0.09 0.12333333333333334
0 0.6925 0.6483333333333333 0.11166666666666666 0.14333333333333334
0 0.585 0.6366666666666667 0.07666666666666666 0.11333333333333333
0 0.405 0.6266666666666667 0.08333333333333333 0.12
0 0.44083333333333335 0.5391666666666667 0.06833333333333333 0.09166666666666666
0 0.5216666666666666 0.5891666666666666 0.08333333333333333 0.11166666666666666
0 0.4875 0.4575 0.055 0.075
0 0.5483333333333333 0.3983333333333333 0.03666666666666667 0.05
0 0.35833333333333334 0.46 0.05 0.06
0 0.4141666666666667 0.47583333333333333 0.055 0.065
0 0.045 0.5716666666666667 0.09 0.09
