0 0.36333333333333334 0.7816666666666666 0.10666666666666667 0.15
0 0.19666666666666666 0.6916666666666667 0.1 0.12333333333333334
0 0.07833333333333334 0.43666666666666665 0.05 0.06666666666666667
0 0.8341666666666666 0.8433333333333334 0.12833333333333333 0.17333333333333334
0 0.7408333333333333 0.6958333333333333 0.095 0.09833333333333333
0 0.5783333333333334 0.6941666666666667 0.10333333333333333 0.14166666666666666
0 0.6416666666666667 0.45166666666666666 0.06333333333333334 0.08333333333333333
0 0.24666666666666667 0.5933333333333334 0.08666666666666667 0.1
0 0.2775 0.515 0.075 0.09
0 0.5258333333333334 0.4825 0.07166666666666667 0.105
0 0.44166666666666665 0.3925 0.05 0.07833333333333334
0 0.5158333333333334 0.385 0.051666666666666666 0.06333333333333334
0 0.33666666666666667 0.4066666666666667 0.05333333333333334 0.06666666666666667
0 0.31166666666666665 0.4558333333333333 0.06333333333333334 0.07166666666666667
0 0.5975 0.3908333333333333 0.04833333333333333 0.055
