0 0.22583333333333333 0.5558333333333333 0.19166666666666668 0.225
0 0.5616666666666666 0.7658333333333334 0.25 0.265
0 0.5508333333333333 0.5208333333333334 0.18166666666666667 0.175
0 0.5841666666666666 0.4241666666666667 0.16833333333333333 0.14166666666666666
0 0.5066666666666667 0.3566666666666667 0.12666666666666668 0.12666666666666668
0 0.4766666666666667 0.2633333333333333 0.11333333333333333 0.12
0 0.5483333333333333 0.2225 0.11 0.09833333333333333
0 0.5658333333333333 0.14166666666666666 0.07166666666666667 0.08333333333333333
0 0.6491666666666667 0.17583333333333334 0.085 0.085
0 0.5991666666666666 0.20333333333333334 0.07833333333333334 0.09333333333333334
0 0.19166666666666668 0.1625 0.11 0.13166666666666665
0 0.07416666666666667 0.19416666666666665 0.095 0.10833333333333334
