0 0.54 0.37 0.35333333333333333 0.12666666666666668
0 0.5041666666666667 0.6966666666666667 0.44166666666666665 0.2
0 0.145 0.5408333333333334 0.2833333333333333 0.16166666666666665
0 0.13183666666666669 0.8039716666666666 0.26367333333333337 0.22127666666666665
0 0.7254683333333334 0.12499166666666667 0.21093666666666666 0.09665
0 0.9395699999999999 0.14795666666666668 0.11914 0.10258
0 0.8517483333333333 0.13905666666666666 0.17683 0.09811333333333333
0 0.6072533333333333 0.11238166666666667 0.20117333333333332 0.09143
0 0.494335 0.10107166666666667 0.21533666666666668 0.08881
0 0.39511833333333335 0.09159166666666667 0.18356999999999998 0.07651666666666666
0 0.2874366666666667 0.081185 0.19487333333333334 0.09570333333333333
0 0.18147833333333332 0.07745 0.15629 0.06823333333333333
0 0.09920833333333333 0.06483333333333333 0.19841666666666666 0.08299999999999999
