0 0.7208333333333333 0.7766666666666666 0.34833333333333333 0.26
0 0.5591666666666667 0.5966666666666667 0.265 0.18
0 0.4533333333333333 0.435 0.18666666666666668 0.11666666666666667
0 0.35083333333333333 0.3641666666666667 0.14166666666666666 0.08833333333333333
0 0.52 0.3 0.1 0.08666666666666667
0 0.075 0.3416666666666667 0.13 0.07666666666666666
0 0.32 0.3225 0.13333333333333333 0.065
0 0.25583333333333336 0.275 0.11833333333333333 0.07
0 0.22583333333333333 0.23666666666666666 0.105 0.06
0 0.19833333333333333 0.20916666666666667 0.07666666666666666 0.051666666666666666
0 0.18666666666666668 0.18416666666666667 0.07333333333333333 0.041666666666666664
0 0.08333333333333333 0.22583333333333333 0.09333333333333334 0.09166666666666666
0 0.6391666666666667 0.19833333333333333 0.07833333333333334 0.05
0 0.13083333333333333 0.155 0.055 0.03666666666666667
0 0.23583333333333334 0.145 0.058333333333333334 0.03666666666666667
0 0.19833333333333333 0.1675 0.056666666666666664 0.035
0 0.2575 0.13833333333333334 0.04833333333333333 0.03666666666666667
0 0.29333333333333333 0.13 0.04 0.03333333333333333
0 0.0375 0.165 0.04833333333333333 0.03666666666666667
0 0.07416666666666667 0.13166666666666665 0.055 0.03666666666666667
0 0.7466666666666667 0.13666666666666666 0.04666666666666667 0.04
