0 0.555 0.9075 0.13 0.18166666666666667
0 0.7066666666666667 0.935 0.14 0.13
0 0.77 0.8775 0.14 0.20166666666666666
0 0.9125 0.8491666666666666 0.145 0.17166666666666666
0 0.5358333333333334 0.6808333333333333 0.07833333333333334 0.12166666666666667
0 0.6025 0.805 0.11166666666666666 0.15
0 0.7216666666666667 0.65 0.09 0.13333333333333333
0 0.79 0.735 0.12 0.15666666666666668
0 0.9041666666666667 0.7266666666666667 0.14166666666666666 0.14666666666666667
0 0.63 0.6458333333333334 0.07333333333333333 0.09166666666666666
0 0.5133333333333333 0.58 0.06 0.1
0 0.6508333333333334 0.7191666666666666 0.095 0.11166666666666666
