0 0.5158333333333334 0.9475 0.285 0.10166666666666667
0 0.6466666666666666 0.7133333333333334 0.17333333333333334 0.1
0 0.4766666666666667 0.6783333333333333 0.12666666666666668 0.09
0 0.05583333333333333 0.5716666666666667 0.07166666666666667 0.056666666666666664
0 0.12583333333333332 0.5775 0.09166666666666666 0.06833333333333333
0 0.3458333333333333 0.6391666666666667 0.085 0.085
0 0.57 0.6608333333333334 0.09333333333333334 0.08166666666666667
0 0.7533333333333333 0.7016666666666667 0.14 0.09
0 0.8583333333333333 0.7483333333333333 0.11 0.09666666666666666
0 0.4241666666666667 0.6241666666666666 0.08833333333333333 0.075
