0 0.2475 0.4241666666666667 0.20833333333333334 0.28833333333333333
0 0.08333333333333333 0.79 0.16666666666666666 0.4066666666666667
0 0.675 0.79 0.19 0.42
0 0.5708333333333333 0.41833333333333333 0.115 0.23666666666666666
0 0.4225 0.35583333333333333 0.13166666666666665 0.21833333333333332
0 0.1375 0.28 0.195 0.21333333333333335
0 0.38083333333333336 0.165 0.135 0.15
0 0.5191666666666667 0.1525 0.11833333333333333 0.15166666666666667
0 0.6116666666666667 0.1925 0.09666666666666666 0.13833333333333334
0 0.23916666666666667 0.08166666666666667 0.105 0.11666666666666667
0 0.7783333333333333 0.17666666666666667 0.10333333333333333 0.15333333333333332
0 0.6358333333333334 0.06166666666666667 0.09833333333333333 0.11
0 0.46166666666666667 0.03166666666666667 0.09 0.06333333333333334
