0 0.7016666666666667 0.49166666666666664 0.45 0.31666666666666665
0 0.21166666666666667 0.5241666666666667 0.42333333333333334 0.30833333333333335
0 0.625 0.8816666666666667 0.75 0.23666666666666666
0 0.875 0.2841666666666667 0.20333333333333334 0.14166666666666666
0 0.5516666666666666 0.23916666666666667 0.17 0.11833333333333333
0 0.2808333333333333 0.2658333333333333 0.24833333333333332 0.13833333333333334
0 0.1575 0.1325 0.16833333333333333 0.07833333333333334
0 0.44416666666666665 0.1275 0.115 0.06833333333333333
0 0.0975 0.09833333333333333 0.095 0.056666666666666664
0 0.9366666666666666 0.1025 0.06666666666666667 0.058333333333333334
