0 0.13166666666666665 0.5791666666666667 0.2633333333333333 0.43166666666666664
0 0.5616666666666666 0.7666666666666667 0.21666666666666667 0.4666666666666667
0 0.8733333333333333 0.85 0.25333333333333335 0.3
0 0.885 0.5516666666666666 0.23 0.3566666666666667
0 0.9325 0.4116666666666667 0.13166666666666665 0.27666666666666667
0 0.6941666666666667 0.2325 0.135 0.25166666666666665
0 0.4025 0.4225 0.13833333333333334 0.265
0 0.2683333333333333 0.2775 0.12333333333333334 0.20166666666666666
0 0.43083333333333335 0.215 0.08833333333333333 0.17666666666666667
0 0.36666666666666664 0.09916666666666667 0.09333333333333334 0.145
0 0.465 0.05 0.06333333333333334 0.1
0 0.56 0.14416666666666667 0.08666666666666667 0.14833333333333334
