0 0.390427 0.522335 0.48752 0.911337
9 0.911667 0.371667 0.17 0.263333
9 0.7125 0.285 0.145 0.21
9 0.723333 0.0866667 0.14 0.173333
9 0.965 0.0533333 0.07 0.106667
18 0.0633333 0.789167 0.126667 0.171667
18 0.201667 0.576667 0.0966667 0.186667
18 0.03 0.5275 0.06 0.168333
18 0.264167 0.391667 0.075 0.123333
18 0.140833 0.375833 0.0883333 0.125
18 0.173333 0.275 0.0733333 0.103333
18 0.1175 0.270833 0.0483333 0.095
18 0.28 0.256667 0.04 0.0933333
18 0.3275 0.300833 0.055 0.095
18 0.354167 0.130833 0.055 0.0683333
18 0.354167 0.21 0.0416667 0.08
18 0.6175 0.195 0.035 0.11
18 0.42 0.035 0.0333333 0.0633333
